4.353119730949401855e-01
4.607333540916442871e-01
4.820485115051269531e-01
4.984093904495239258e-01
5.097510814666748047e-01
5.165169835090637207e-01
5.232533216476440430e-01
5.321356058120727539e-01
5.429627895355224609e-01
5.534840226173400879e-01
5.651409029960632324e-01
5.779042840003967285e-01
5.907512903213500977e-01
4.000168740749359131e-01
4.354364275932312012e-01
4.562732875347137451e-01
4.684707522392272949e-01
4.793764650821685791e-01
4.892026185989379883e-01
4.965961277484893799e-01
